+584161060677
+584161078396
+584161080555
+584161083883
+584161086422
+584161087586
+584161090619
+584161159033
+584161233418
+584161307125
+584161307189
+584161369952
+584161387830
+584161512998
+584161523784
+584161527292
+584161528299
+584161548503
+584161569217
+584161570971
+584161570981
+584161572290
+584161572986
+584161579677
+584161598884
+584161599665
+584161657904
+584161657971
+584161661444
+584161702657
+584161771385
+584161772967
+584161774839
+584161802065
+584161831622
+584161831683
+584161848810
+584161875365
+584161903867
+584161922431
+584161973796
+584161979246
+584161990616
+584162003895
+584162004170
+584162013713
+584162058367
+584162100023
+584162101621
+584162104055
+584162104085
+584162105725
+584162142452
+584162200588
+584162202169
+584162324370
+584162417424
+584162417444
+584162473525
+584162504316
+584162506611
+584162508821
+584162561637
+584162561672
+584162588306
+584162588387
+584162607189
+584162674865
+584162742924
+584162796111
+584162796176
+584162822549
+584162855322
+584162855393
+584162857622
+584162860134
+584162893340
+584162914924
+584162915009
+584162928441
+584162955285
+584162981489
+584162981493
+584162981530
+584162992918
+584162995692
+584163098210
+584163172859
+584163172883
+584163199685
+584163202072
+584163202092
+584163304910
+584163401069
+584163488519
+584163488522
+584163488532
+584163555003
+584163571948
+584163571974
+584163590222
+584163607252
+584163627511
+584163650829
+584163658542
+584163671195
+584163700620
+584163700621
+584163700679
+584163701063
+584163702625
+584163730586
+584163773070
+584163773081
+584163778591
+584163809055
+584163823904
+584163861324
+584163861345
+584163867495
+584163867496
+584163922462
+584163922474
+584163926502
+584163944825
+584163951219
+584163951277
+584163959602
+584163961483
+584163972842
+584163972890
+584163993085
+584164031616
+584164099942
+584164099993
+584164106571
+584164174531
+584164174566
+584164174585
+584164201547
+584164224349
+584164230970
+584164234260
+584164234277
+584164254455
+584164309667
+584164358226
+584164358295
+584164363803
+584164363832
+584164404346
+584164404375
+584164408803
+584164408846
+584164492642
+584164506032
+584164508032
+584164530154
+584164541059
+584164707310
+584164709260
+584164710813
+584164710859
+584164741873
+584164742318
+584164766146
+584164767547
+584164779855
+584164807340
+584164902564
+584165080640
+584165090484
+584165109109
+584165140363
+584165160239
+584165305768
+584165341246
+584165390052
+584165397904
+584165397945
+584165397972
+584165404178
+584165408028
+584165506821
+584165603774
+584165603775
+584165655072
+584165675718
+584165675793
+584165708372
+584165722248
+584165844021
+584165853105
+584165861207
+584165863784
+584166004586
+584166004954
+584166020128
+584166031620
+584166031697
+584166032678
+584166069026
+584166099444
+584166150895
+584166164149
+584166171812
+584166174472
+584166174477
+584166209819
+584166210171
+584166222210
+584166262528
+584166268050
+584166268062
+584166269700
+584166273557
+584166280871
+584166284820
+584166288408
+584166288642
+584166288671
+584166288687
+584166293684
+584166294941
+584166333058
+584166337172
+584166368536
+584166394515
+584166394574
+584166394597
+584166401343
+584166475156
+584166475199
+584166500954
+584166604699
+584166671669
+584166723232
+584166735284
+584166755598
+584166809216
+584166833764
+584166857506
+584166893633
+584166904204
+584166908477
+584166914872
+584166914897
+584166934445
+584166989833
+584166989853
+584166995072
+584167031107
+584167031109
+584167101170
+584167102763
+584167109030
+584167120178
+584167121625
+584167121651
+584167178235
+584167305999
+584167347977
+584167413943
+584167416489
+584167425090
+584167520266
+584167549679
+584167581881
+584167601561
+584167615783
+584167615799
+584167735386
+584167755985
+584167760165
+584167776247
+584167776258
+584167781637
+584167787226
+584167802624
+584167915276
+584167915279
+584167980411
+584167980459
+584168031219
+584168031238
+584168046587
+584168046593
+584168047301
+584168061216
+584168061266
+584168079143
+584168079170
+584168108900
+584168117304
+584168117305
+584168117355
+584168164291
+584168201573
+584168206695
+584168207232
+584168207298
+584168252665
+584168287451
+584168306850
+584168409923
+584168516162
+584168516163
+584168577709
+584168579065
+584168593179
+584168598625
+584168605147
+584168611594
+584168638695
+584168705858
+584168705869
+584168720413
+584168720462
+584168725705
+584168744742
+584168804812
+584168829969
+584168850105
+584168854823
+584168854880
+584168879764
+584169104402
+584169125828
+584169140260
+584169141476
+584169168618
+584169168622
+584169196988
+584169196991
+584169205288
+584169297057
+584169333001
+584169394093
+584169433476
+584169492243
+584169501943
+584169506014
+584169612689
+584169678075
+584169693394
+584169706161
+584169706927
+584169723605
+584169742334
+584169902792
+584169917694
+584169938771
+584169944905
+584169945293
+584169977102
+584169977198
+584261001868
+584261026203
+584261102789
+584261206460
+584261206468
+584261287001
+584261305830
+584261404150
+584261404173
+584261407323
+584261505531
+584261519774
+584261519788
+584261597368
+584261600273
+584261601612
+584261601780
+584261606426
+584261606492
+584261618067
+584261618083
+584261653730
+584261701062
+584261701088
+584261733576
+584261750521
+584261750541
+584261763119
+584261763167
+584261763175
+584261763198
+584261785707
+584261807512
+584261807580
+584261821438
+584261854532
+584261888181
+584261901178
+584261908038
+584262027387
+584262077779
+584262077786
+584262090964
+584262181591
+584262184224
+584262191608
+584262196315
+584262200944
+584262205427
+584262240683
+584262261365
+584262265082
+584262276547
+584262299896
+584262301326
+584262302155
+584262305372
+584262305375
+584262323138
+584262323519
+584262323591
+584262330567
+584262338128
+584262355064
+584262370504
+584262370574
+584262391369
+584262394963
+584262399966
+584262403133
+584262424731
+584262471377
+584262604658
+584262667094
+584262703206
+584262703216
+584262742625
+584262742629
+584262783618
+584262801111
+584262803021
+584262803946
+584262875537
+584262903620
+584262903691
+584262937460
+584262937494
+584262979356
+584263000753
+584263018716
+584263031480
+584263075878
+584263081941
+584263096923
+584263096979
+584263096989
+584263096991
+584263147404
+584263147473
+584263161864
+584263179928
+584263423092
+584263466812
+584263473421
+584263637609
+584263637658
+584263637665
+584263723318
+584263725668
+584263726163
+584263731952
+584263778694
+584263783202
+584263783296
+584263792512
+584263792580
+584263842090
+584263873602
+584263877034
+584263994111
+584264005683
+584264005692
+584264105454
+584264121168
+584264150341
+584264190614
+584264190905
+584264196754
+584264203240
+584264203247
+584264206437
+584264306710
+584264310630
+584264329337
+584264361634
+584264378556
+584264490325
+584264501263
+584264501827
+584264540661
+584264571930
+584264585691
+584264595718
+584264595728
+584264599956
+584264599969
+584264601399
+584264609028
+584264634400
+584264634406
+584264702676
+584264740402
+584264806816
+584264807365
+584264830726
+584264830790
+584264867022
+584264867040
+584264867051
+584264869215
+584264869242
+584264869268
+584264894367
+584264901634
+584264908796
+584265001704
+584265008861
+584265008872
+584265008891
+584265009268
+584265009849
+584265067807
+584265105193
+584265138866
+584265187718
+584265285591
+584265300801
+584265341629
+584265387546
+584265394805
+584265394807
+584265403716
+584265407017
+584265461806
+584265461808
+584265483365
+584265501635
+584265503810
+584265503890
+584265509829
+584265509876
+584265537772
+584265553201
+584265576560
+584265585097
+584265614303
+584265655472
+584265679676
+584265689200
+584265689205
+584265689272
+584265709071
+584265709748
+584265737288
+584265849132
+584265850292
+584265883696
+584265911141
+584265911170
+584265938543
+584265938596
+584265958038
+584265972186
+584266002697
+584266068948
+584266069008
+584266089220
+584266151207
+584266250196
+584266279135
+584266313447
+584266313494
+584266338637
+584266350228
+584266363501
+584266363522
+584266363584
+584266376381
+584266408616
+584266409354
+584266413606
+584266439008
+584266472188
+584266638335
+584266640830
+584266654972
+584266660612
+584266662672
+584266664242
+584266668609
+584266690053
+584266695546
+584266752262
+584266853656
+584266897269
+584267045906
+584267102972
+584267102990
+584267105714
+584267107337
+584267119505
+584267121073
+584267134733
+584267134763
+584267141220
+584267200940
+584267200952
+584267207347
+584267239716
+584267239783
+584267409959
+584267451558
+584267540917
+584267540946
+584267604398
+584267644847
+584267644852
+584267647552
+584267647563
+584267670091
+584267698423
+584267709885
+584267728064
+584267747221
+584267748639
+584267761170
+584267765628
+584267770293
+584267790241
+584267814783
+584267831072
+584267831360
+584267846153
+584267861922
+584267898971
+584267906527
+584268005122
+584268005179
+584268017598
+584268113607
+584268113675
+584268201356
+584268201391
+584268254749
+584268299553
+584268301239
+584268301276
+584268301382
+584268364263
+584268379871
+584268409776
+584268507177
+584268520731
+584268526038
+584268528960
+584268543567
+584268600519
+584268603398
+584268606277
+584268607223
+584268607228
+584268609734
+584268612218
+584268662156
+584268707938
+584268740754
+584268740794
+584268768966
+584268787445
+584268845171
+584268887454
+584268887479
+584268900107
+584268900116
+584268900189
+584268907908
+584268907974
+584268967937
+584268967968
+584269001416
+584269002463
+584269039025
+584269039066
+584269039225
+584269078116
+584269078133
+584269103977
+584269113343
+584269118578
+584269122774
+584269153314
+584269153347
+584269164618
+584269174313
+584269174367
+584269179121
+584269206435
+584269206451
+584269210182
+584269222200
+584269269127
+584269281121
+584269281183
+584269303599
+584269316719
+584269316792
+584269368778
+584269407132
+584269408048
+584269425444
+584269442896
+584269452592
+584269457025
+584269458628
+584269466131
+584269472501
+584269491233
+584269496945
+584269500750
+584269505379
+584269519531
+584269528105
+584269563748
+584269576600
+584269604395
+584269656282
+584269701766
+584269707241
+584269718685
+584269718817
+584269729165
+584269729181
+584269735153
+584269757002
+584269765693
+584269768639
+584269768683
+584269785585
+584269788814
+584269842345
+584269899116
+584269946900
+584269946991
+584269965713